Saved at time: 61291724 milliseconds
Integration time: 10000000
Scans to average: 0
Boxcar smoothing: 0
Wavelengths	Intensities
337.35134888	2081.00000000
337.80362194	2173.00000000
338.25595141	2307.00000000
338.70833725	2222.00000000
339.16077942	2073.00000000
339.61327788	1982.00000000
340.06583261	2167.00000000
340.51844356	1701.00000000
340.97111069	1780.00000000
341.42383397	1725.00000000
341.87661336	1526.00000000
342.32944883	1828.00000000
342.78234033	1804.00000000
343.23528784	1977.00000000
343.68829131	2203.00000000
344.14135070	1991.00000000
344.59446599	2132.00000000
345.04763714	1888.00000000
345.50086410	1734.00000000
345.95414684	2220.00000000
346.40748532	1956.00000000
346.86087951	1948.00000000
347.31432937	2107.00000000
347.76783486	2243.00000000
348.22139595	1994.00000000
348.67501260	1986.00000000
349.12868478	2140.00000000
349.58241244	1924.00000000
350.03619554	2143.00000000
350.49003406	2049.00000000
350.94392796	2001.00000000
351.39787720	1764.00000000
351.85188173	1979.00000000
352.30594153	1713.00000000
352.76005657	1940.00000000
353.21422679	1706.00000000
353.66845217	2094.00000000
354.12273266	1789.00000000
354.57706824	1872.00000000
355.03145886	1948.00000000
355.48590449	2045.00000000
355.94040509	2102.00000000
356.39496062	1958.00000000
356.84957105	1968.00000000
357.30423634	2112.00000000
357.75895646	2122.00000000
358.21373136	1904.00000000
358.66856102	1705.00000000
359.12344538	2059.00000000
359.57838442	2079.00000000
360.03337811	1537.00000000
360.48842639	2070.00000000
360.94352924	1629.00000000
361.39868662	2013.00000000
361.85389850	2024.00000000
362.30916483	2042.00000000
362.76448558	2125.00000000
363.21986071	1724.00000000
363.67529018	1863.00000000
364.13077397	2112.00000000
364.58631202	2068.00000000
365.04190431	1800.00000000
365.49755080	1663.00000000
365.95325145	2200.00000000
366.40900623	1756.00000000
366.86481509	2109.00000000
367.32067801	2194.00000000
367.77659494	2089.00000000
368.23256584	2180.00000000
368.68859069	2038.00000000
369.14466944	1826.00000000
369.60080206	2073.00000000
370.05698851	1829.00000000
370.51322875	1489.00000000
370.96952275	1808.00000000
371.42587047	2210.00000000
371.88227187	2224.00000000
372.33872691	2182.00000000
372.79523557	1773.00000000
373.25179780	1696.00000000
373.70841357	2014.00000000
374.16508283	2006.00000000
374.62180556	2058.00000000
375.07858171	2130.00000000
375.53541125	2165.00000000
375.99229415	2169.00000000
376.44923035	1561.00000000
376.90621984	1836.00000000
377.36326257	2137.00000000
377.82035850	1824.00000000
378.27750760	1844.00000000
378.73470984	94.00000000
379.19196516	1894.00000000
379.64927355	2128.00000000
380.10663495	1268.00000000
380.56404934	1843.00000000
381.02151668	1992.00000000
381.47903693	2191.00000000
381.93661005	1921.00000000
382.39423600	1745.00000000
382.85191476	2109.00000000
383.30964628	1858.00000000
383.76743053	1847.00000000
384.22526746	1969.00000000
384.68315705	1713.00000000
385.14109926	2129.00000000
385.59909404	1941.00000000
386.05714137	1989.00000000
386.51524120	2002.00000000
386.97339351	1898.00000000
387.43159824	1880.00000000
387.88985537	2022.00000000
388.34816486	2087.00000000
388.80652667	1954.00000000
389.26494076	2107.00000000
389.72340710	2043.00000000
390.18192566	2032.00000000
390.64049638	1976.00000000
391.09911925	2097.00000000
391.55779422	1708.00000000
392.01652125	2120.00000000
392.47530030	2032.00000000
392.93413135	1207.00000000
393.39301436	2214.00000000
393.85194927	2088.00000000
394.31093607	1563.00000000
394.76997472	1961.00000000
395.22906517	1828.00000000
395.68820739	1613.00000000
396.14740134	2118.00000000
396.60664699	2313.00000000
397.06594429	1893.00000000
397.52529322	2165.00000000
397.98469374	2112.00000000
398.44414581	2020.00000000
398.90364938	1675.00000000
399.36320444	2163.00000000
399.82281093	2049.00000000
400.28246882	1990.00000000
400.74217808	2269.00000000
401.20193867	1920.00000000
401.66175054	2026.00000000
402.12161368	2209.00000000
402.58152803	2054.00000000
403.04149356	1953.00000000
403.50151023	2259.00000000
403.96157802	2121.00000000
404.42169687	2066.00000000
404.88186676	1890.00000000
405.34208764	1873.00000000
405.80235949	2077.00000000
406.26268226	1825.00000000
406.72305591	1873.00000000
407.18348042	2191.00000000
407.64395574	2270.00000000
408.10448183	2111.00000000
408.56505866	1650.00000000
409.02568620	1845.00000000
409.48636440	1725.00000000
409.94709324	1974.00000000
410.40787266	1876.00000000
410.86870264	1588.00000000
411.32958314	2026.00000000
411.79051412	1888.00000000
412.25149554	1221.00000000
412.71252738	1700.00000000
413.17360958	1995.00000000
413.63474212	2027.00000000
414.09592496	2120.00000000
414.55715806	2303.00000000
415.01844138	1877.00000000
415.47977490	1818.00000000
415.94115856	2156.00000000
416.40259233	2206.00000000
416.86407619	1604.00000000
417.32561008	1654.00000000
417.78719398	2098.00000000
418.24882784	1817.00000000
418.71051164	2237.00000000
419.17224533	1693.00000000
419.63402887	2163.00000000
420.09586223	2112.00000000
420.55774538	1928.00000000
421.01967827	1883.00000000
421.48166087	2031.00000000
421.94369315	1709.00000000
422.40577506	2111.00000000
422.86790657	1835.00000000
423.33008764	1167.00000000
423.79231823	2102.00000000
424.25459832	2136.00000000
424.71692786	1729.00000000
425.17930681	1978.00000000
425.64173514	1838.00000000
426.10421281	1976.00000000
426.56673978	1717.00000000
427.02931602	1310.00000000
427.49194150	1960.00000000
427.95461617	2166.00000000
428.41733999	2127.00000000
428.88011294	2146.00000000
429.34293497	2151.00000000
429.80580604	1531.00000000
430.26872613	1944.00000000
430.73169519	2160.00000000
431.19471319	2009.00000000
431.65778008	1895.00000000
432.12089584	1943.00000000
432.58406043	1996.00000000
433.04727380	1035.00000000
433.51053593	1666.00000000
433.97384677	2148.00000000
434.43720630	1895.00000000
434.90061446	1285.00000000
435.36407123	2148.00000000
435.82757657	2373.00000000
436.29113044	1923.00000000
436.75473281	2074.00000000
437.21838363	2033.00000000
437.68208288	1897.00000000
438.14583051	2281.00000000
438.60962648	1858.00000000
439.07347077	1929.00000000
439.53736333	2187.00000000
440.00130413	1932.00000000
440.46529314	2240.00000000
440.92933030	2031.00000000
441.39341559	1612.00000000
441.85754898	1992.00000000
442.32173041	2049.00000000
442.78595986	2127.00000000
443.25023730	1887.00000000
443.71456267	1819.00000000
444.17893595	2211.00000000
444.64335711	2254.00000000
445.10782609	1607.00000000
445.57234287	1961.00000000
446.03690741	2044.00000000
446.50151967	1750.00000000
446.96617962	1941.00000000
447.43088721	1822.00000000
447.89564242	2140.00000000
448.36044520	2218.00000000
448.82529553	2047.00000000
449.29019335	2246.00000000
449.75513864	1831.00000000
450.22013135	2188.00000000
450.68517146	2055.00000000
451.15025892	1800.00000000
451.61539370	1804.00000000
452.08057576	2177.00000000
452.54580506	2230.00000000
453.01108157	2108.00000000
453.47640525	2210.00000000
453.94177607	1852.00000000
454.40719398	2050.00000000
454.87265895	1939.00000000
455.33817095	1964.00000000
455.80372993	1924.00000000
456.26933586	2020.00000000
456.73498870	1908.00000000
457.20068842	2223.00000000
457.66643498	2155.00000000
458.13222835	1235.00000000
458.59806847	464.00000000
459.06395533	1776.00000000
459.52988888	1662.00000000
459.99586908	2156.00000000
460.46189590	2213.00000000
460.92796931	1647.00000000
461.39408926	2138.00000000
461.86025571	1826.00000000
462.32646864	2074.00000000
462.79272800	2057.00000000
463.25903377	2251.00000000
463.72538589	2202.00000000
464.19178433	2000.00000000
464.65822906	1800.00000000
465.12472005	2077.00000000
465.59125725	2057.00000000
466.05784062	2188.00000000
466.52447013	2046.00000000
466.99114575	1878.00000000
467.45786744	2028.00000000
467.92463515	1960.00000000
468.39144886	1987.00000000
468.85830852	1810.00000000
469.32521410	2017.00000000
469.79216557	2153.00000000
470.25916288	2015.00000000
470.72620600	2058.00000000
471.19329489	1824.00000000
471.66042952	1956.00000000
472.12760985	2085.00000000
472.59483583	1990.00000000
473.06210745	1929.00000000
473.52942465	2175.00000000
473.99678740	2334.00000000
474.46419567	1569.00000000
474.93164941	1940.00000000
475.39914860	2026.00000000
475.86669319	1655.00000000
476.33428315	2243.00000000
476.80191844	1938.00000000
477.26959902	2113.00000000
477.73732486	1817.00000000
478.20509592	1904.00000000
478.67291216	1929.00000000
479.14077355	2027.00000000
479.60868006	1923.00000000
480.07663163	2040.00000000
480.54462824	1717.00000000
481.01266985	2052.00000000
481.48075642	1941.00000000
481.94888792	2130.00000000
482.41706430	1809.00000000
482.88528554	1924.00000000
483.35355160	1891.00000000
483.82186243	2115.00000000
484.29021801	2184.00000000
484.75861829	1978.00000000
485.22706324	1841.00000000
485.69555282	2157.00000000
486.16408699	1958.00000000
486.63266573	1880.00000000
487.10128898	1862.00000000
487.56995672	2124.00000000
488.03866891	2064.00000000
488.50742551	1828.00000000
488.97622648	1796.00000000
489.44507179	1203.00000000
489.91396139	1695.00000000
490.38289527	1477.00000000
490.85187337	2049.00000000
491.32089566	2113.00000000
491.78996210	2145.00000000
492.25907266	1781.00000000
492.72822730	703.00000000
493.19742598	1990.00000000
493.66666867	2001.00000000
494.13595533	2065.00000000
494.60528591	1902.00000000
495.07466040	2113.00000000
495.54407874	1860.00000000
496.01354091	2002.00000000
496.48304686	1879.00000000
496.95259656	2000.00000000
497.42218997	2126.00000000
497.89182706	1617.00000000
498.36150779	2033.00000000
498.83123211	1958.00000000
499.30100000	1892.00000000
499.77081142	2117.00000000
500.24066633	2150.00000000
500.71056469	1880.00000000
501.18050648	1915.00000000
501.65049164	2161.00000000
502.12052014	2106.00000000
502.59059195	2137.00000000
503.06070704	1945.00000000
503.53086535	1549.00000000
504.00106686	1158.00000000
504.47131154	1977.00000000
504.94159933	1926.00000000
505.41193021	1791.00000000
505.88230414	2164.00000000
506.35272109	2250.00000000
506.82318101	2277.00000000
507.29368386	2040.00000000
507.76422962	2264.00000000
508.23481825	2171.00000000
508.70544970	1949.00000000
509.17612395	1894.00000000
509.64684095	2084.00000000
510.11760067	2204.00000000
510.58840307	2262.00000000
511.05924812	2130.00000000
511.53013577	2278.00000000
512.00106600	2155.00000000
512.47203875	2329.00000000
512.94305401	2076.00000000
513.41411173	2077.00000000
513.88521187	2213.00000000
514.35635440	2151.00000000
514.82753927	1800.00000000
515.29876647	1889.00000000
515.77003593	2160.00000000
516.24134764	1761.00000000
516.71270155	2142.00000000
517.18409763	2226.00000000
517.65553584	2207.00000000
518.12701614	2093.00000000
518.59853850	2290.00000000
519.07010287	1535.00000000
519.54170923	2125.00000000
520.01335753	1686.00000000
520.48504774	2098.00000000
520.95677983	2172.00000000
521.42855375	1921.00000000
521.90036946	1964.00000000
522.37222694	1948.00000000
522.84412615	1994.00000000
523.31606704	2138.00000000
523.78804958	2071.00000000
524.26007374	2088.00000000
524.73213947	2090.00000000
525.20424675	2076.00000000
525.67639553	2057.00000000
526.14858578	2263.00000000
526.62081745	1824.00000000
527.09309052	2102.00000000
527.56540495	2275.00000000
528.03776070	2049.00000000
528.51015773	2066.00000000
528.98259601	2227.00000000
529.45507550	1942.00000000
529.92759616	2168.00000000
530.40015795	2011.00000000
530.87276085	2153.00000000
531.34540481	2244.00000000
531.81808979	2052.00000000
532.29081576	2035.00000000
532.76358269	2279.00000000
533.23639053	2171.00000000
533.70923924	2035.00000000
534.18212880	2440.00000000
534.65505917	2715.00000000
535.12803030	2842.00000000
535.60104217	3192.00000000
536.07409473	3601.00000000
536.54718794	4395.00000000
537.02032178	5636.00000000
537.49349620	5298.00000000
537.96671117	9502.00000000
538.43996665	12385.00000000
538.91326261	14699.00000000
539.38659900	16073.00000000
539.85997579	16383.00000000
540.33339294	16383.00000000
540.80685042	16383.00000000
541.28034819	16383.00000000
541.75388622	16383.00000000
542.22746446	16383.00000000
542.70108287	16383.00000000
543.17474144	16383.00000000
543.64844010	16383.00000000
544.12217884	16383.00000000
544.59595761	15605.00000000
545.06977637	12779.00000000
545.54363510	9339.00000000
546.01753374	6739.00000000
546.49147227	4878.00000000
546.96545065	3930.00000000
547.43946884	3269.00000000
547.91352680	2700.00000000
548.38762450	2349.00000000
548.86176191	1832.00000000
549.33593897	2512.00000000
549.81015567	1883.00000000
550.28441195	2055.00000000
550.75870779	2185.00000000
551.23304315	1112.00000000
551.70741799	2361.00000000
552.18183227	2268.00000000
552.65628595	2133.00000000
553.13077901	2048.00000000
553.60531140	1897.00000000
554.07988309	2073.00000000
554.55449403	2056.00000000
555.02914420	2169.00000000
555.50383356	2316.00000000
555.97856206	2204.00000000
556.45332968	1792.00000000
556.92813637	1571.00000000
557.40298210	1899.00000000
557.87786683	1860.00000000
558.35279053	1937.00000000
558.82775315	1705.00000000
559.30275467	2143.00000000
559.77779504	2066.00000000
560.25287423	1992.00000000
560.72799221	1557.00000000
561.20314892	2298.00000000
561.67834435	1856.00000000
562.15357844	2036.00000000
562.62885117	1966.00000000
563.10416249	2188.00000000
563.57951238	1940.00000000
564.05490079	1930.00000000
564.53032769	2002.00000000
565.00579303	2263.00000000
565.48129679	1891.00000000
565.95683893	2231.00000000
566.43241940	2134.00000000
566.90803818	1667.00000000
567.38369523	2163.00000000
567.85939050	1758.00000000
568.33512397	2128.00000000
568.81089559	2184.00000000
569.28670533	2277.00000000
569.76255316	2159.00000000
570.23843902	1999.00000000
570.71436290	2137.00000000
571.19032475	2162.00000000
571.66632453	2151.00000000
572.14236222	2150.00000000
572.61843776	2097.00000000
573.09455113	1679.00000000
573.57070228	2070.00000000
574.04689119	2065.00000000
574.52311781	1966.00000000
574.99938211	1853.00000000
575.47568405	2223.00000000
575.95202359	2181.00000000
576.42840070	992.00000000
576.90481534	2157.00000000
577.38126747	1624.00000000
577.85775706	2155.00000000
578.33428407	2212.00000000
578.81084846	2186.00000000
579.28745020	2000.00000000
579.76408925	1827.00000000
580.24076557	2202.00000000
580.71747912	1345.00000000
581.19422988	2090.00000000
581.67101780	1962.00000000
582.14784284	2218.00000000
582.62470497	1944.00000000
583.10160416	2039.00000000
583.57854035	2045.00000000
584.05551353	1592.00000000
584.53252365	2135.00000000
585.00957067	2076.00000000
585.48665456	2070.00000000
585.96377529	2192.00000000
586.44093280	2308.00000000
586.91812708	2017.00000000
587.39535807	2344.00000000
587.87262575	2084.00000000
588.34993007	1896.00000000
588.82727101	1707.00000000
589.30464852	2045.00000000
589.78206256	2171.00000000
590.25951311	2269.00000000
590.73700012	2116.00000000
591.21452355	1899.00000000
591.69208338	1749.00000000
592.16967956	2243.00000000
592.64731205	1838.00000000
593.12498082	2058.00000000
593.60268584	2296.00000000
594.08042706	1927.00000000
594.55820445	2079.00000000
595.03601797	1607.00000000
595.51386759	2020.00000000
595.99175326	2222.00000000
596.46967496	1777.00000000
596.94763264	2061.00000000
597.42562627	1974.00000000
597.90365581	1623.00000000
598.38172122	1813.00000000
598.85982248	2005.00000000
599.33795953	1494.00000000
599.81613235	1294.00000000
600.29434089	1907.00000000
600.77258513	1333.00000000
601.25086501	2296.00000000
601.72918052	1997.00000000
602.20753161	2149.00000000
602.68591823	2080.00000000
603.16434037	2069.00000000
603.64279797	1673.00000000
604.12129101	1837.00000000
604.59981945	1954.00000000
605.07838324	2140.00000000
605.55698236	1964.00000000
606.03561676	1777.00000000
606.51428641	2183.00000000
606.99299127	2012.00000000
607.47173131	1894.00000000
607.95050648	2027.00000000
608.42931676	2274.00000000
608.90816210	2231.00000000
609.38704248	2192.00000000
609.86595784	2185.00000000
610.34490816	1821.00000000
610.82389339	2198.00000000
611.30291351	1831.00000000
611.78196847	2185.00000000
612.26105823	1879.00000000
612.74018277	2131.00000000
613.21934204	2067.00000000
613.69853601	2220.00000000
614.17776464	1671.00000000
614.65702789	2170.00000000
615.13632573	1943.00000000
615.61565812	2006.00000000
616.09502502	2387.00000000
616.57442640	1993.00000000
617.05386221	1103.00000000
617.53333243	1666.00000000
618.01283702	1628.00000000
618.49237593	2117.00000000
618.97194914	2211.00000000
619.45155660	1724.00000000
619.93119828	2361.00000000
620.41087415	2146.00000000
620.89058415	2055.00000000
621.37032827	1913.00000000
621.85010646	2035.00000000
622.32991868	1807.00000000
622.80976490	1906.00000000
623.28964508	2011.00000000
623.76955919	1937.00000000
624.24950718	2015.00000000
624.72948902	2217.00000000
625.20950468	2128.00000000
625.68955412	1810.00000000
626.16963729	1568.00000000
626.64975417	2033.00000000
627.12990471	2045.00000000
627.61008889	1685.00000000
628.09030666	2225.00000000
628.57055798	1770.00000000
629.05084283	2182.00000000
629.53116115	2146.00000000
630.01151293	2031.00000000
630.49189811	1900.00000000
630.97231666	1850.00000000
631.45276855	1993.00000000
631.93325374	2021.00000000
632.41377219	1832.00000000
632.89432387	1635.00000000
633.37490873	2048.00000000
633.85552675	1927.00000000
634.33617788	2120.00000000
634.81686209	1835.00000000
635.29757934	2109.00000000
635.77832959	2038.00000000
636.25911281	2057.00000000
636.73992897	2144.00000000
637.22077801	1207.00000000
637.70165992	2235.00000000
638.18257464	2081.00000000
638.66352215	1926.00000000
639.14450240	2095.00000000
639.62551537	1931.00000000
640.10656101	2191.00000000
640.58763928	1988.00000000
641.06875016	1972.00000000
641.54989359	2172.00000000
642.03106956	1974.00000000
642.51227801	2188.00000000
642.99351892	2236.00000000
643.47479224	893.00000000
643.95609794	2092.00000000
644.43743598	1750.00000000
644.91880633	2083.00000000
645.40020894	1966.00000000
645.88164379	1841.00000000
646.36311083	2187.00000000
646.84461003	2138.00000000
647.32614135	2111.00000000
647.80770476	2181.00000000
648.28930022	2206.00000000
648.77092768	1965.00000000
649.25258712	1686.00000000
649.73427850	1813.00000000
650.21600177	1775.00000000
650.69775691	2075.00000000
651.17954388	1991.00000000
651.66136264	1815.00000000
652.14321315	2137.00000000
652.62509538	2064.00000000
653.10700929	1749.00000000
653.58895484	1902.00000000
654.07093200	2203.00000000
654.55294072	2151.00000000
655.03498098	2132.00000000
655.51705274	1834.00000000
655.99915595	1922.00000000
656.48129059	2047.00000000
656.96345661	1802.00000000
657.44565398	1951.00000000
657.92788266	1934.00000000
658.41014262	1979.00000000
658.89243382	1986.00000000
659.37475621	1814.00000000
659.85710978	1939.00000000
660.33949447	2013.00000000
660.82191025	1836.00000000
661.30435708	2044.00000000
661.78683493	1966.00000000
662.26934377	1892.00000000
662.75188354	2147.00000000
663.23445423	1441.00000000
663.71705578	1796.00000000
664.19968817	2170.00000000
664.68235136	2044.00000000
665.16504530	1956.00000000
665.64776997	1793.00000000
666.13052532	1956.00000000
666.61331133	1926.00000000
667.09612794	1742.00000000
667.57897514	2065.00000000
668.06185287	1990.00000000
668.54476110	1822.00000000
669.02769980	1660.00000000
669.51066893	1900.00000000
669.99366845	2098.00000000
670.47669833	1996.00000000
670.95975852	2200.00000000
671.44284900	1940.00000000
671.92596972	1626.00000000
672.40912065	2078.00000000
672.89230175	2115.00000000
673.37551298	1886.00000000
673.85875431	2201.00000000
674.34202570	1945.00000000
674.82532712	1899.00000000
675.30865852	2004.00000000
675.79201988	1891.00000000
676.27541115	2043.00000000
676.75883229	1980.00000000
677.24228328	2160.00000000
677.72576406	1986.00000000
678.20927462	2219.00000000
678.69281490	1340.00000000
679.17638488	1722.00000000
679.65998451	1968.00000000
680.14361377	2002.00000000
680.62727260	2099.00000000
681.11096098	1854.00000000
681.59467887	1874.00000000
682.07842623	1830.00000000
682.56220303	2027.00000000
683.04600923	1384.00000000
683.52984478	1723.00000000
684.01370967	1726.00000000
684.49760384	2194.00000000
684.98152726	2008.00000000
685.46547989	1681.00000000
685.94946171	2019.00000000
686.43347266	1950.00000000
686.91751272	2140.00000000
687.40158185	1940.00000000
687.88568001	2059.00000000
688.36980716	1996.00000000
688.85396327	1982.00000000
689.33814829	2123.00000000
689.82236221	2122.00000000
690.30660496	2082.00000000
690.79087653	2039.00000000
691.27517687	1897.00000000
691.75950595	2192.00000000
692.24386373	1943.00000000
692.72825017	2251.00000000
693.21266523	1891.00000000
693.69710889	1886.00000000
694.18158109	1846.00000000
694.66608181	2018.00000000
695.15061101	2021.00000000
695.63516866	1927.00000000
696.11975470	1950.00000000
696.60436912	2125.00000000
697.08901187	1731.00000000
697.57368291	2014.00000000
698.05838221	1713.00000000
698.54310973	1933.00000000
699.02786544	1626.00000000
699.51264929	2078.00000000
699.99746125	2101.00000000
700.48230129	2111.00000000
700.96716936	1948.00000000
701.45206544	2084.00000000
701.93698948	1921.00000000
702.42194144	1932.00000000
702.90692130	2093.00000000
703.39192900	1575.00000000
703.87696453	2261.00000000
704.36202783	2165.00000000
704.84711888	2113.00000000
705.33223763	2099.00000000
705.81738405	2023.00000000
706.30255811	2237.00000000
706.78775976	1983.00000000
707.27298897	1896.00000000
707.75824570	2049.00000000
708.24352991	1778.00000000
708.72884158	1939.00000000
709.21418065	1992.00000000
709.69954710	1477.00000000
710.18494089	2081.00000000
710.67036198	1855.00000000
711.15581034	1921.00000000
711.64128592	2061.00000000
712.12678869	2101.00000000
712.61231862	2075.00000000
713.09787566	1653.00000000
713.58345979	2011.00000000
714.06907095	2007.00000000
714.55470913	1855.00000000
715.04037427	2041.00000000
715.52606635	1970.00000000
716.01178533	2039.00000000
716.49753116	2138.00000000
716.98330382	2113.00000000
717.46910326	1286.00000000
717.95492946	1745.00000000
718.44078236	1943.00000000
718.92666194	2103.00000000
719.41256816	2052.00000000
719.89850098	1929.00000000
720.38446037	1679.00000000
720.87044629	1945.00000000
721.35645870	1684.00000000
721.84249756	2071.00000000
722.32856284	2104.00000000
722.81465450	2070.00000000
723.30077251	1731.00000000
723.78691682	1925.00000000
724.27308741	1782.00000000
724.75928423	1921.00000000
725.24550724	1577.00000000
725.73175642	1769.00000000
726.21803172	2048.00000000
726.70433311	2015.00000000
727.19066055	1410.00000000
727.67701400	1842.00000000
728.16339343	2116.00000000
728.64979880	2048.00000000
729.13623007	1780.00000000
729.62268721	2020.00000000
730.10917018	1572.00000000
730.59567893	1813.00000000
731.08221345	1948.00000000
731.56877369	1894.00000000
732.05535960	2116.00000000
732.54197116	2128.00000000
733.02860834	1895.00000000
733.51527108	1818.00000000
734.00195936	1716.00000000
734.48867313	1917.00000000
734.97541237	1814.00000000
735.46217703	2151.00000000
735.94896708	1833.00000000
736.43578248	2213.00000000
736.92262320	2104.00000000
737.40948919	1997.00000000
737.89638043	2128.00000000
738.38329686	2116.00000000
738.87023847	1979.00000000
739.35720520	1652.00000000
739.84419703	2014.00000000
740.33121392	2067.00000000
740.81825582	1846.00000000
741.30532271	1259.00000000
741.79241455	1742.00000000
742.27953129	1990.00000000
742.76667291	2171.00000000
743.25383936	2128.00000000
743.74103061	2055.00000000
744.22824663	2113.00000000
744.71548737	1957.00000000
745.20275280	1425.00000000
745.69004288	2096.00000000
746.17735758	2083.00000000
746.66469685	2171.00000000
747.15206067	1854.00000000
747.63944899	2116.00000000
748.12686178	1997.00000000
748.61429900	1192.00000000
749.10176061	2088.00000000
749.58924659	2123.00000000
750.07675688	2116.00000000
750.56429146	2157.00000000
751.05185028	1854.00000000
751.53943332	1933.00000000
752.02704053	1409.00000000
752.51467187	1467.00000000
753.00232732	1586.00000000
753.49000683	1965.00000000
753.97771036	2151.00000000
754.46543789	1860.00000000
754.95318936	1996.00000000
755.44096476	2109.00000000
755.92876403	1899.00000000
756.41658715	1997.00000000
756.90443407	2197.00000000
757.39230476	1827.00000000
757.88019918	1681.00000000
758.36811730	2147.00000000
758.85605908	2062.00000000
759.34402448	1953.00000000
759.83201346	1545.00000000
760.32002599	1945.00000000
760.80806203	1583.00000000
761.29612155	1990.00000000
761.78420451	1991.00000000
762.27231086	1957.00000000
762.76044058	2134.00000000
763.24859363	1955.00000000
763.73676997	1790.00000000
764.22496956	1812.00000000
764.71319237	1920.00000000
765.20143836	2036.00000000
765.68970749	2048.00000000
766.17799973	1271.00000000
766.66631504	1623.00000000
767.15465338	1861.00000000
767.64301472	1684.00000000
768.13139902	1768.00000000
768.61980624	1915.00000000
769.10823635	1991.00000000
769.59668930	1818.00000000
770.08516507	2006.00000000
770.57366361	1720.00000000
771.06218489	2008.00000000
771.55072888	1781.00000000
772.03929553	1813.00000000
772.52788480	2022.00000000
773.01649667	2067.00000000
773.50513109	1533.00000000
773.99378804	2053.00000000
774.48246746	2049.00000000
774.97116932	1835.00000000
775.45989360	1903.00000000
775.94864024	2067.00000000
776.43740922	1781.00000000
776.92620050	1982.00000000
777.41501403	1600.00000000
777.90384979	2105.00000000
778.39270774	1904.00000000
778.88158784	1980.00000000
779.37049004	2037.00000000
779.85941433	1358.00000000
780.34836066	1894.00000000
780.83732898	2101.00000000
781.32631928	2054.00000000
781.81533150	1666.00000000
782.30436562	1659.00000000
782.79342159	2077.00000000
783.28249938	2036.00000000
783.77159895	1846.00000000
784.26072027	1824.00000000
784.74986329	1997.00000000
785.23902799	1899.00000000
785.72821432	1197.00000000
786.21742225	2051.00000000
786.70665174	1369.00000000
787.19590276	1955.00000000
787.68517526	1889.00000000
788.17446922	735.00000000
788.66378459	1743.00000000
789.15312133	1580.00000000
789.64247942	2045.00000000
790.13185881	1968.00000000
790.62125947	2179.00000000
791.11068135	1868.00000000
791.60012443	1988.00000000
792.08958867	1626.00000000
792.57907402	1984.00000000
793.06858046	1604.00000000
793.55810795	1905.00000000
794.04765644	1857.00000000
794.53722591	1893.00000000
795.02681631	1950.00000000
795.51642762	1796.00000000
796.00605978	1987.00000000
796.49571277	2024.00000000
796.98538655	1961.00000000
797.47508108	2214.00000000
797.96479632	1911.00000000
798.45453224	2067.00000000
798.94428881	1861.00000000
799.43406597	1948.00000000
799.92386371	1865.00000000
800.41368198	1314.00000000
800.90352074	2062.00000000
801.39337996	1792.00000000
801.88325960	1413.00000000
802.37315962	1886.00000000
802.86307999	1947.00000000
803.35302067	2055.00000000
803.84298163	1960.00000000
804.33296282	1854.00000000
804.82296421	2065.00000000
805.31298576	1984.00000000
805.80302744	1911.00000000
806.29308921	719.00000000
806.78317103	2019.00000000
807.27327287	1945.00000000
807.76339468	1819.00000000
808.25353644	2194.00000000
808.74369811	2053.00000000
809.23387964	1707.00000000
809.72408100	1924.00000000
810.21430216	1766.00000000
810.70454308	2020.00000000
811.19480372	1804.00000000
811.68508405	1936.00000000
812.17538402	2132.00000000
812.66570360	1942.00000000
813.15604276	2021.00000000
813.64640146	1847.00000000
814.13677965	2020.00000000
814.62717731	2073.00000000
815.11759440	1828.00000000
815.60803088	2109.00000000
816.09848671	2093.00000000
816.58896185	1892.00000000
817.07945628	1963.00000000
817.56996995	1392.00000000
818.06050283	2026.00000000
818.55105488	1959.00000000
819.04162606	1872.00000000
819.53221633	2081.00000000
820.02282567	2197.00000000
820.51345402	2037.00000000
821.00410137	1902.00000000
821.49476766	1426.00000000
821.98545286	1845.00000000
822.47615694	1914.00000000
822.96687986	2000.00000000

